# AME2020 nuclear masses (atomic masses with Z electrons removed).
# Derived from the AME2020 mass evaluation, mass.mas20.
# Electron binding (< 1 keV in this range) is neglected.
# Columns: Z  A  nuclear_mass[MeV]
# 571 nuclides, A <= 60
#
   0    1      939.565420
   1    1      938.272075
   1    2     1875.612929
   1    3     2808.921119
   1    4     3750.086539
   1    5     4689.851960
   1    6     5630.329340
   1    7     6569.083100
   2    3     2808.391528
   2    4     3727.379328
   2    5     4667.679747
   2    6     5605.534711
   2    7     6545.509846
   2    8     7482.540504
   2    9     8423.360749
   2   10     9363.116172
   3    3     2821.616041
   3    4     3749.766603
   3    5     4667.616402
   3    6     5601.518498
   3    7     6533.832825
   3    8     7471.365626
   3    9     8406.868830
   3   10     9346.460655
   3   11    10285.630388
   3   12    11225.405809
   3   13    12164.871229
   4    5     4692.565186
   4    6     5605.295652
   4    7     6534.183718
   4    8     7454.850495
   4    9     8392.751376
   4   10     9325.504514
   4   11    10264.568299
   4   12    11200.962994
   4   13    12141.038415
   4   14    13078.827940
   4   15    14020.193360
   4   16    14959.308781
   5    6     5633.729520
   5    7     6545.580275
   5    8     7472.319393
   5    9     8393.308413
   5   10     9324.436640
   5   11    10252.547839
   5   12    11188.743632
   5   13    12123.430284
   5   14    13062.026125
   5   15    13998.813920
   5   16    14938.462342
   5   17    15876.561068
   5   18    16816.131489
   5   19    17755.603202
   5   20    18696.728622
   5   21    19637.204042
   6    8     7483.951094
   6    9     8409.291899
   6   10     9327.573703
   6   11    10254.018530
   6   12    11174.863235
   6   13    12109.482347
   6   14    13040.871333
   6   15    13979.218687
   6   16    14914.533777
   6   17    15853.365627
   6   18    16788.747115
   6   19    17727.735706
   6   20    18664.319621
   6   21    19603.953368
   6   22    20543.415462
   6   23    21485.468991
   7   10     9350.164058
   7   11    10267.223778
   7   12    11191.690304
   7   13    12111.191819
   7   14    13040.203858
   7   15    13968.935982
   7   16    14906.012553
   7   17    15839.692827
   7   18    16776.430018
   7   19    17710.667208
   7   20    18648.071553
   7   21    19583.031073
   7   22    20521.058065
   7   23    21457.507792
   7   24    22399.219453
   7   25    23339.758363
   8   11    10290.086048
   8   12    11205.854572
   8   13    12128.450771
   8   14    13044.837223
   8   15    13971.179167
   8   16    14895.080645
   8   17    15830.502985
   8   18    16762.023036
   8   19    17697.632811
   8   20    18629.590228
   8   21    19565.350192
   8   22    20498.065293
   8   23    21434.897734
   8   24    22370.270871
   8   25    23310.593599
   8   26    24249.419711
   8   27    25190.922573
   8   28    26129.826711
   9   13    12146.854286
   9   14    13068.282846
   9   15    13984.379298
   9   16    14909.981830
   9   17    15832.752451
   9   18    16763.167965
   9   19    17692.301510
   9   20    18625.265594
   9   21    19556.729554
   9   22    20491.064638
   9   23    21423.050628
   9   24    22358.803983
   9   25    23294.087736
   9   26    24232.922327
   9   27    25170.875253
   9   28    26110.639673
   9   29    27048.880170
   9   30    27989.184344
   9   31    28928.560749
  10   15    14007.516920
  10   16    14922.782423
  10   17    15846.790203
  10   18    16767.101471
  10   19    17695.030009
  10   20    18617.730127
  10   21    19550.534385
  10   22    20479.735547
  10   23    21414.100321
  10   24    22344.796826
  10   25    23280.207067
  10   26    24214.217786
  10   27    25152.281685
  10   28    26088.024616
  10   29    27026.618784
  10   30    27962.993203
  10   31    28902.388779
  10   32    29839.700234
  10   33    30780.325773
  10   34    31718.531290
  11   17    15864.498332
  11   18    16786.310847
  11   19    17705.696342
  11   20    18631.111548
  11   21    19553.570305
  11   22    20482.067873
  11   23    21409.213514
  11   24    22341.819569
  11   25    23272.373758
  11   26    24206.364893
  11   27    25139.201986
  11   28    26075.225564
  11   29    27010.387975
  11   30    27947.676753
  11   31    28882.942217
  11   32    29820.830440
  11   33    30757.464504
  11   34    31696.858608
  11   35    32634.504298
  11   36    33574.069797
  11   37    34512.795088
  11   38    35453.060139
  11   39    36392.625637
  12   19    17724.094352
  12   20    18641.227755
  12   21    19566.148014
  12   22    20486.338279
  12   23    21412.758693
  12   24    22335.792892
  12   25    23268.027790
  12   26    24196.500132
  12   27    25129.622183
  12   28    26060.682935
  12   29    26996.584622
  12   30    27929.809712
  12   31    28867.063035
  12   32    29800.850389
  12   33    30738.136264
  12   34    31672.990819
  12   35    32611.801383
  12   36    33548.035859
  12   37    34487.361279
  12   38    35424.717959
  12   39    36364.913148
  12   40    37303.182007
  12   41    38243.226293
  13   21    19581.822876
  13   22    20504.428662
  13   23    21424.469440
  13   24    22349.166660
  13   25    23271.793599
  13   26    24199.993536
  13   27    25126.500915
  13   28    26058.341161
  13   29    26988.478221
  13   30    27922.315969
  13   31    28854.723479
  13   32    29790.068922
  13   33    30724.165011
  13   34    31661.158877
  13   35    32595.426868
  13   36    33533.095085
  13   37    34468.448368
  13   38    35406.602653
  13   39    36343.116577
  13   40    37281.941538
  13   41    38219.205315
  13   42    39158.099206
  13   43    40095.873442
  14   22    20519.356246
  14   23    21441.160015
  14   24    22359.449658
  14   25    23284.025896
  14   26    24204.551674
  14   27    25130.802274
  14   28    26053.188085
  14   29    26984.279903
  14   30    27913.236125
  14   31    28846.214152
  14   32    29776.579602
  14   33    30711.637066
  14   34    31643.653812
  14   35    32580.748119
  14   36    33514.197576
  14   37    34451.556291
  14   38    35385.451608
  14   39    36323.436361
  14   40    37258.276987
  14   41    38197.304417
  14   42    39132.437867
  14   43    40071.422113
  14   44    41007.896915
  14   45    41947.170856
  15   24    22382.213501
  15   25    23299.877711
  15   26    24222.154679
  15   27    25142.016748
  15   28    26067.022026
  15   29    26988.711136
  15   30    27916.957232
  15   31    28844.211646
  15   32    29775.841417
  15   33    30705.303044
  15   34    31638.585796
  15   35    32569.770791
  15   36    33505.871658
  15   37    34438.620792
  15   38    35374.489343
  15   39    36307.830374
  15   40    37243.959923
  15   41    38178.613447
  15   42    39116.179159
  15   43    40051.621734
  15   44    40989.185452
  15   45    41925.529845
  15   46    42863.903962
  15   47    43801.368011
  16   26    24238.350958
  16   27    25159.655447
  16   28    26077.732087
  16   29    27002.058564
  16   30    27922.587835
  16   31    28849.098660
  16   32    29773.619757
  16   33    30704.543538
  16   34    31632.691809
  16   35    32565.271391
  16   36    33494.947563
  16   37    34430.209380
  16   38    35361.738693
  16   39    36296.931339
  16   40    37228.750264
  16   41    38164.073636
  16   42    39096.938571
  16   43    40033.874960
  16   44    40968.360287
  16   45    41905.718288
  16   46    42841.192665
  16   47    43779.247280
  16   48    44715.930736
  16   49    45655.426373
  17   28    26101.417800
  17   29    27018.663769
  17   30    27940.810638
  17   31    28860.595640
  17   32    29785.789589
  17   33    30709.615057
  17   34    31637.672414
  17   35    32564.593071
  17   36    33495.578697
  17   37    34424.833255
  17   38    35358.290794
  17   39    36289.782794
  17   40    37223.519296
  17   41    38155.264025
  17   42    39089.233550
  17   43    40021.399911
  17   44    40956.574550
  17   45    41890.285082
  17   46    42826.306780
  17   47    43761.955415
  17   48    44698.749719
  17   49    45635.263643
  17   50    46573.717869
  17   51    47511.802292
  17   52    48451.365928
  18   29    27042.099620
  18   30    27957.695913
  18   31    28878.444299
  18   32    29796.412943
  18   33    30720.723103
  18   34    31643.223208
  18   35    32570.048315
  18   36    33494.358164
  18   37    34425.136129
  18   38    35352.863084
  18   39    36285.829818
  18   40    37215.526216
  18   41    38148.992708
  18   42    39079.131642
  18   43    40013.038612
  18   44    40943.869265
  18   45    41878.265826
  18   46    42809.759474
  18   47    43745.657558
  18   48    44680.164008
  18   49    45616.952723
  18   50    46552.277129
  18   51    47490.511523
  18   52    48427.115802
  18   53    49366.780039
  18   54    50304.043816
  19   31    28900.868548
  19   32    29820.092079
  19   33    30737.136845
  19   34    31659.870245
  19   35    32581.411711
  19   36    33506.661525
  19   37    34430.772608
  19   38    35358.266152
  19   39    36284.753819
  19   40    37216.519620
  19   41    38145.989670
  19   42    39078.021290
  19   43    40007.962030
  19   44    40940.250029
  19   45    41870.909985
  19   46    42803.605801
  19   47    43734.801851
  19   48    44669.723453
  19   49    45603.890542
  19   50    46539.268288
  19   51    47473.974786
  19   52    48410.846717
  19   53    49347.182726
  19   54    50285.822320
  19   55    51222.937058
  19   56    52161.940865
  19   57    53099.584692
  19   58    54038.879126
  19   59    54977.192697
  20   33    30760.115332
  20   34    31675.469436
  20   35    32597.263891
  20   36    33517.116541
  20   37    34441.925740
  20   38    35364.497409
  20   39    36290.767309
  20   40    37214.697715
  20   41    38145.900311
  20   42    39073.985029
  20   43    40005.617552
  20   44    40934.051797
  20   45    41866.202399
  20   46    42795.369122
  20   47    43727.658169
  20   48    44657.272069
  20   49    45591.691036
  20   50    46524.895911
  20   51    47459.646935
  20   52    48393.207075
  20   53    49329.579742
  20   54    50265.300964
  20   55    51203.305279
  20   56    52139.939366
  20   57    53078.384277
  20   58    54014.907517
  20   59    54953.741792
  20   60    55890.426180
  21   35    32618.662565
  21   36    33539.206954
  21   37    34458.330815
  21   38    35381.795438
  21   39    36303.366290
  21   40    37228.509765
  21   41    38151.884861
  21   42    39079.900320
  21   43    40007.327276
  21   44    40937.193493
  21   45    41865.431309
  21   46    42796.236090
  21   47    43725.154993
  21   48    44656.481854
  21   49    45585.917593
  21   50    46519.437023
  21   51    47452.217892
  21   52    48386.438787
  21   53    49319.686895
  21   54    50255.512619
  21   55    51190.602547
  21   56    52127.422909
  21   57    53063.053207
  21   58    54000.447393
  21   59    54936.591514
  21   60    55874.364819
  22   37    34479.209715
  22   38    35396.903732
  22   39    36319.528148
  22   40    37239.528680
  22   41    38164.318684
  22   42    39086.405971
  22   43    40013.688836
  22   44    40936.949943
  22   45    41866.982365
  22   46    42793.358464
  22   47    43724.043224
  22   48    44651.981987
  22   49    45583.405029
  22   50    46512.031277
  22   51    47445.224281
  22   52    48376.973651
  22   53    49311.064018
  22   54    50243.695741
  22   55    51179.101188
  22   56    52113.004762
  22   57    53049.520012
  22   58    53984.498295
  22   59    54921.030365
  22   60    55856.304471
  23   39    36339.087121
  23   40    37260.481032
  23   41    38179.815411
  23   42    39103.379704
  23   43    40024.577071
  23   44    40950.179451
  23   45    41873.595191
  23   46    42799.899838
  23   47    43726.462768
  23   48    44655.485935
  23   49    45583.495886
  23   50    46513.728905
  23   51    47442.243142
  23   52    48374.497318
  23   53    49305.582777
  23   54    50239.030287
  23   55    51171.297521
  23   56    52105.733358
  23   57    53038.975799
  23   58    53974.474381
  23   59    54908.788449
  23   60    55844.805768
  24   41    38199.404192
  24   42    39117.548121
  24   43    40040.012319
  24   44    40960.054633
  24   45    41885.455833
  24   46    42806.993166
  24   47    43733.395746
  24   48    44656.631627
  24   49    45585.614691
  24   50    46512.179782
  24   51    47442.484533
  24   52    48370.009843
  24   53    49301.635836
  24   54    50231.482176
  24   55    51164.801335
  24   56    52096.120633
  24   57    53030.374878
  24   58    53962.402157
  24   59    54897.772137
  24   60    55830.473670
  25   43    40058.841001
  25   44    40980.425869
  25   45    41899.479868
  25   46    42823.535990
  25   47    43744.881464
  25   48    44669.645298
  25   49    45592.816119
  25   50    46519.303260
  25   51    47445.181024
  25   52    48374.206965
  25   53    49301.722104
  25   54    50232.348310
  25   55    51161.688116
  25   56    52093.983095
  25   57    53024.902585
  25   58    53958.055398
  25   59    54889.851740
  25   60    55823.903225
  26   45    41918.356055
  26   46    42836.652749
  26   47    43759.807185
  26   48    44680.422368
  26   49    45605.174316
  26   50    46526.942689
  26   51    47452.724065
  26   52    48376.075258
  26   53    49304.953972
  26   54    50231.140942
  26   55    51161.408238
  26   56    52089.776599
  26   57    53021.695848
  26   58    53951.216696
  26   59    54884.201112
  26   60    55814.946998
  27   47    43777.045806
  27   48    44699.649729
  27   49    45619.634290
  27   50    46543.318746
  27   51    47465.060105
  27   52    48389.552375
  27   53    49312.731080
  27   54    50238.874491
  27   55    51164.348665
  27   56    52093.832245
  27   57    53022.021208
  27   58    53953.013676
  27   59    54882.125233
  27   60    55814.198736
  28   48    44715.587053
  28   49    45637.432739
  28   50    46556.937581
  28   51    47480.241056
  28   52    48400.825500
  28   53    49325.248630
  28   54    50247.095248
  28   55    51172.531701
  28   56    52095.454116
  28   57    53024.771906
  28   58    53952.121098
  28   59    54882.687239
  28   60    55810.864930
  29   52    48420.994601
  29   53    49341.228803
  29   54    50264.622633
  29   55    51185.721261
  29   56    52110.221033
  29   57    53033.035853
  29   58    53960.171120
  29   59    54886.974618
  29   60    55816.481913
  30   54    50279.649887
  30   55    51202.576106
  30   56    52122.950032
  30   57    53047.283740
  30   58    53969.029100
  30   59    54895.606395
  30   60    55820.141706
  31   56    52143.989149
  31   57    53063.913164
  31   58    53987.277185
  31   59    54908.550935
  31   60    55834.214815
  32   58    54002.726406
  32   59    54925.429999
  32   60    55845.763871
  33   60    55867.142983
